1 14
27 10
26 11
18 1
25 18
9 14
18 38
10 13
2 13
35 1
29 1
10 1
6 1
35 3
36 2
32 14
38 2
28 9
20 1
31 15
3 14
10 28
10 37
9 38
7 38
20 38
29 8
30 16
38 4
27 1
28 2
4 10
22 38
29 10
20 10
30 21
2 10
3 11
38 20
8 15
20 7
31 38
29 15
30 14
38 14
35 38
26 2
34 37
34 4
38 6
29 22
32 4
38 8
30 23
29 24
32 6
37 9
33 7
38 22
28 25
29 26
38 10
24 7
28 27
23 8
16 11
29 28
30 9
31 10
22 7
31 12
32 11
29 31
32 9
33 10
33 12
34 11
30 32
31 31
29 33
33 31
32 32
30 30
35 7
36 10
31 33
26 15
37 27
25 14
37 7
32 34
36 14
31 35
32 36
33 35
37 15
30 34
21 3
34 16
27 26
36 28
35 27
35 12
36 16
6 17
31 1
37 11
16 19
9 18
4 21
16 8
17 9
18 10
15 9
13 9
18 3
12 8
18 5
11 9
14 10
16 21
10 6
11 7
10 8
10 10
26 23
27 22
23 6
9 9
26 19
25 20
24 19
27 20
28 21
26 21
22 20
7 7
25 30
0 38
1 39
3 39
1 37
25 39
2 38
27 39
26 38
28 38
36 33
39 29
39 19
39 36
38 28
33 29
39 17
16 4
16 6
36 35
37 36
1 1
38 37
25 28
7 39
9 39
11 39
12 38
13 39
8 38
14 38
15 39
16 38
8 36
2 1
2 3
0 6
1 7
1 5
2 8
1 9
25 26
12 4
23 3
25 3
26 4
26 25
35 39
39 14
27 5
26 6
25 24
39 25
38 24
30 5
11 36
23 0
5 5
5 9
39 5
21 8
21 6
39 10
37 5
6 3
24 25
24 1
17 37
14 8
7 20
7 34
20 32
18 32
19 31
30 0
30 2
15 37
11 29
10 30
23 30
19 23
19 25
20 24
22 29
22 24
35 15
23 26
22 27
34 32
34 30
21 25
17 33
18 13
20 36
22 22
19 12
20 34
21 30
20 22
19 21
34 13
20 20
21 21
39 23
6 13
5 12
14 25
34 28
38 12
33 27
36 12
15 26
34 26
37 17
38 18
37 19
36 18
37 21
36 20
36 22
37 23
31 20
35 17
35 25
31 22
16 34
35 19
16 25
32 19
19 19
20 18
22 19
8 7
10 32
10 34
7 8
11 33
12 32
13 33
19 17
31 24
14 34
35 23
13 29
14 30
15 29
16 30
35 21
19 28
17 16
33 25
23 16
22 15
20 15
23 14
21 14
24 9
23 10
32 23
1 0
3 0
21 17
34 24
33 20
33 22
0 3
18 2
0 36
7 36
19 1
8 37
34 18
11 1
5 37
1 2
1 4
21 33
22 34
22 13
21 12
22 11
2 36
4 36
26 13
28 5
28 13
5 11
32 27
26 32
30 4
23 33
25 33
3 7
8 9
7 11
9 31
6 10
20 11
13 37
24 31
25 35
4 29
5 30
4 31
5 32
4 33
7 30
27 12
25 12
8 22
7 23
7 25
8 26
1 22
3 22
2 21
5 22
4 23
26 30
29 36
17 23
1 20
4 6
4 4
4 2
8 28
10 21
9 27
9 25
8 24
6 24
12 24
11 23
13 23
12 13
14 13
13 14
3 26
16 14
15 24
14 16
14 18
13 19
15 22
14 21
13 17
10 17
10 19
11 20
2 29
1 25
23 17
5 20
0 33
1 32
0 31
1 34
0 29
1 28
0 27
1 26
10 22
16 35
2 27
3 28
4 14
12 28
8 6
6 8
15 34
7 16
6 15
3 32
5 16
4 17
0 16
1 17
18 11
19 10
16 5
24 3
14 5
0 24
1 23
10 5
17 13
27 29
14 1
14 3
13 0
12 1
15 1
31 18
33 18
38 1
33 1
17 2
7 35
19 0
11 0
18 23
38 19
5 38
27 38
32 18
5 10
3 27
30 1
5 21
3 36
15 38
26 12
1 33
21 7
32 28
24 33
6 14
37 12
8 11
1 24
1 3
24 34
24 32
13 38
4 34
34 27
38 5
13 21
15 23
13 1
3 29
34 31
36 17
1 29
33 0
27 14
0 22
16 23
0 20
14 23
15 0
29 37
14 4
39 1
39 27
38 26
16 28
18 34
15 27
20 2
24 13
7 28
19 3
13 22
13 20
17 25
18 26
10 24
9 23
20 3
38 27
15 28
17 11
19 9
4 3
24 2
9 5
15 5
18 33
18 25
8 23
26 14
24 14
4 13
10 25
17 35
15 33
18 7
19 7
12 26
4 19
27 3
3 19
11 26
9 12
27 2
9 13
10 2
27 8
35 5
22 5
28 7
27 9
29 7
10 3
34 5
23 5
21 39
20 13
19 14
20 14
31 3
21 38
30 13
32 3
32 13
30 12
29 29
11 11
30 27
34 8
36 6
8 19
32 12
29 30
36 7
31 37
34 7
29 27
9 19
11 10
5 34
28 19
33 33
31 36
28 20
17 18
32 33
25 22
27 18
8 25
16 18
25 6
16 10
26 22
13 11
26 18
16 9
24 6
13 10
26 27
33 2
38 30
36 21
18 29
26 26
39 30
18 28
17 39
38 23
22 1
17 38
11 31
23 28
22 0
22 28
10 31
20 26
4 8
3 8
16 32
20 25
34 14
17 32
5 7
37 2
37 1
36 1
34 15
37 25
5 6
38 21
36 25
18 20
14 2
15 2
15 31
19 20
32 25
34 21
11 16
13 15
15 30
24 11
23 12
33 21
7 18
13 16
31 25
8 32
10 16
13 27
24 10
4 15
5 28
22 12
6 29
7 17
9 32
13 28
4 16
6 30
11 18
4 28
10 18
6 16
6 32
10 27
12 30
27 32
8 16
12 29
9 34
12 5
12 7
12 6
11 6
11 5
13 5
13 4
15 4
15 6
14 6
14 7
15 21
24 4
15 25
20 23
19 11
17 5
5 17
3 6
2 32
4 32
4 18
4 20
11 28
7 15
5 15
3 15
20 28
13 18
2 26
2 25
2 28
14 9
6 20
14 35
23 7
39 18
14 37
2 30
14 36
15 36
15 35
2 20
13 35
13 34
12 14
12 15
11 15
12 17
11 17
11 19
12 19
12 20
10 20
9 17
3 21
15 13
15 14
14 14
14 15
14 20
14 19
15 19
14 17
26 16
2 22
4 22
24 30
35 18
13 13
24 36
25 36
25 37
26 37
11 13
26 31
25 31
25 32
23 32
23 31
30 35
29 35
29 34
28 34
28 33
12 23
12 22
11 22
11 21
7 31
8 31
8 30
9 30
12 36
12 37
11 37
4 30
14 22
25 34
23 34
23 35
7 33
8 33
4 25
4 24
5 24
6 11
6 26
6 25
5 25
7 26
7 27
8 27
4 26
3 24
3 23
21 11
21 10
22 10
7 24
7 22
6 22
6 23
5 23
7 29
5 29
5 27
26 33
2 7
22 33
4 11
31 23
5 31
24 8
8 2
8 1
34 17
33 17
33 16
22 14
2 35
3 34
2 34
3 35
35 20
34 20
34 19
33 19
20 33
8 3
7 3
1 36
24 18
24 17
25 17
35 22
34 22
34 23
33 23
33 24
32 24
18 31
11 2
9 26
28 22
33 26
32 26
14 24
13 24
13 25
12 25
34 25
9 2
9 1
11 8
12 27
14 27
14 26
9 28
7 1
35 24
23 22
22 17
7 37
17 24
16 24
36 23
32 22
21 22
13 31
14 32
3 37
2 37
23 9
32 20
31 13
31 14
21 29
18 4
19 4
19 5
9 22
9 21
25 9
20 21
9 37
9 36
10 36
10 35
11 35
11 34
30 24
16 16
22 21
25 13
23 13
23 11
25 11
21 34
21 35
20 35
0 18
14 29
26 20
11 24
9 24
30 17
31 17
31 16
13 32
16 33
16 31
22 23
23 27
23 29
36 19
27 0
19 2
21 2
21 1
23 1
23 2
25 2
25 1
26 1
14 31
2 9
21 15
31 21
19 18
14 33
13 30
12 33
11 30
18 15
19 16
22 30
37 10
23 15
14 12
14 11
15 11
15 10
25 25
11 32
36 15
34 12
3 17
30 22
2 17
33 13
33 14
35 14
35 13
36 13
2 18
1 18
1 19
0 19
29 14
29 13
21 24
19 22
10 33
20 37
31 19
18 37
18 36
17 36
17 34
19 34
18 16
18 17
17 17
24 26
20 17
20 16
12 12
12 11
16 22
17 22
17 21
18 21
18 19
17 19
35 26
17 10
19 15
35 16
34 3
19 13
21 13
13 8
15 8
17 30
17 29
16 29
10 29
0 17
16 37
1 21
0 21
26 24
16 12
17 12
21 20
21 19
20 19
10 11
10 12
30 20
8 12
17 15
17 14
38 7
19 32
31 29
8 10
9 10
17 26
16 26
16 27
19 24
2 14
8 20
8 18
6 18
27 25
29 3
24 0
21 27
21 26
22 26
22 25
23 25
23 24
24 24
24 23
25 23
8 35
35 29
36 11
35 11
35 10
34 10
1 6
21 32
21 31
20 31
20 30
19 30
19 29
19 27
19 26
38 16
38 35
9 8
8 8
6 36
5 35
6 35
5 36
6 2
30 33
25 21
24 21
24 20
23 20
23 19
27 21
37 32
37 20
33 9
33 8
32 8
32 7
31 7
31 6
30 6
8 14
0 23
1 16
1 15
0 15
0 14
0 25
0 26
37 18
29 21
39 37
26 3
30 10
10 9
35 8
26 29
25 29
37 22
5 33
28 29
28 28
30 29
30 28
31 28
30 26
33 37
33 38
32 38
35 36
34 35
16 20
27 23
12 3
10 7
27 13
27 15
28 15
31 32
30 8
25 27
27 27
37 28
0 7
21 4
22 4
22 3
33 28
9 4
9 6
28 3
28 4
29 4
27 6
28 6
28 8
26 8
26 7
25 7
25 5
26 5
31 30
31 9
27 11
36 29
36 30
35 30
36 9
37 24
37 26
39 26
39 28
38 9
39 9
39 8
32 10
33 36
34 36
7 6
7 5
6 5
6 4
5 4
5 3
35 4
35 6
37 6
37 4
3 3
3 4
2 4
2 5
0 4
0 5
28 26
38 15
39 15
39 16
34 39
34 38
34 34
33 34
38 34
39 34
39 35
37 37
37 38
36 38
36 39
31 34
12 9
27 36
0 12
38 39
27 35
36 27
1 8
28 17
27 17
27 19
29 19
29 18
29 2
31 2
31 4
32 5
16 7
25 19
30 38
30 37
29 16
33 32
35 35
35 28
38 32
38 31
37 31
17 8
18 8
18 9
28 37
29 9
35 32
35 33
36 3
37 8
37 16
37 35
0 28
28 24
29 11
20 6
22 6
32 37
25 15
35 37
16 3
17 3
17 1
31 39
32 39
32 35
37 33
38 29
37 14
33 30
39 13
38 13
38 11
39 11
5 0
32 31
2 2
0 2
5 13
3 13
3 12
2 12
2 11
1 11
1 10
0 10
0 9
39 24
39 22
28 31
29 32
0 30
30 31
29 25
29 23
33 4
33 11
7 13
26 39
33 6
22 8
31 11
20 8
20 9
18 6
10 38
10 39
39 4
39 6
0 32
16 39
18 39
28 39
29 39
39 20
30 15
28 10
0 34
0 35
8 39
14 39
2 39
26 10
32 1
34 1
32 0
34 0
31 0
35 0
9 15
7 9
6 9
38 3
6 7
4 7
4 9
20 39
22 39
3 10
19 38
4 5
12 39
35 2
10 14
28 1
32 15
5 1
4 1
4 0
22 36
22 37
23 37
23 38
24 38
24 39
1 13
39 0
39 2
6 0
12 0
14 0
16 0
10 0
0 37
18 0
20 0
2 0
29 0
6 39
4 39
4 38
6 38
0 39
0 0
