1 2
1 4
1 7
1 9
1 14
1 17
1 20
1 22
1 25
2 3
2 8
2 10
2 13
2 21
2 26
2 28
2 36
3 7
3 11
3 14
3 22
4 3
4 6
4 10
4 15
4 17
4 21
4 23
4 29
4 32
5 4
5 11
5 16
5 22
5 24
5 30
5 36
6 1
6 3
6 9
6 15
6 17
6 23
6 25
7 7
7 16
7 24
7 26
7 30
7 35
7 38
8 8
8 15
8 23
8 25
8 27
8 31
8 36
9 9
9 14
9 18
9 22
9 24
9 37
10 1
10 6
10 8
10 10
10 13
10 17
10 19
10 21
10 28
10 30
10 32
10 34
10 36
11 7
11 9
11 20
11 22
11 29
11 33
12 5
12 8
12 13
12 23
12 28
12 37
13 9
13 14
13 17
13 19
13 22
13 24
13 29
13 32
13 38
14 1
14 4
14 8
14 10
14 13
14 21
14 23
14 25
14 30
14 33
14 35
14 37
15 5
15 9
15 22
15 24
15 26
15 29
15 34
15 38
16 8
16 10
16 19
16 21
16 23
16 25
16 30
16 33
17 9
17 11
17 16
17 34
17 37
18 1
18 3
18 5
18 10
18 32
18 38
19 2
19 11
19 13
19 15
19 17
19 19
19 21
19 23
19 25
19 28
19 31
20 1
20 7
20 10
20 14
20 20
20 22
20 24
20 32
20 34
20 38
21 3
21 11
21 13
21 21
21 25
21 30
21 33
22 6
22 12
22 14
22 20
22 22
22 24
22 26
22 29
22 38
23 1
23 7
23 10
23 13
23 25
23 30
23 33
24 2
24 9
24 19
24 24
24 31
25 6
25 13
25 18
25 20
25 23
25 25
25 30
25 32
26 2
26 5
26 11
26 14
26 19
26 21
26 26
27 1
27 10
27 13
27 20
27 22
28 2
28 8
28 21
28 25
28 27
29 1
29 9
29 15
29 22
29 24
29 26
29 28
29 31
29 33
30 13
30 16
30 21
30 23
30 29
30 32
30 34
31 1
31 10
31 12
31 14
31 20
31 22
31 24
31 31
31 33
31 35
31 37
32 4
32 6
32 9
32 11
32 13
32 19
32 23
32 25
32 32
32 34
32 36
32 38
33 1
33 7
33 10
33 12
33 18
33 20
33 22
33 24
33 26
33 28
33 31
33 35
33 37
34 4
34 11
34 13
34 16
34 19
34 21
34 23
34 25
34 27
34 36
34 38
35 1
35 3
35 7
35 12
35 14
35 17
35 20
35 22
35 28
36 2
36 10
36 15
36 18
36 21
37 6
37 9
37 11
37 16
37 19
37 22
37 27
38 2
38 4
38 8
38 10
38 14
38 20
38 23
38 28
0 3
0 5
0 15
0 18
0 21
0 23
0 26
0 28
0 32
0 34
0 36
1 0
1 29
1 33
1 37
2 1
2 34
2 39
3 4
3 27
3 35
4 0
4 8
4 13
4 19
4 25
4 34
5 5
5 7
5 20
5 28
5 32
5 38
6 13
6 29
7 18
7 22
7 28
8 1
8 6
8 10
8 19
8 38
9 2
9 5
9 12
9 26
9 31
9 39
10 38
11 0
11 11
11 16
11 18
11 24
11 31
11 35
12 1
12 15
12 25
12 30
12 39
13 0
13 11
13 20
13 27
13 34
14 6
14 15
14 18
14 31
14 39
15 0
15 11
15 14
15 27
15 36
16 4
16 6
16 28
16 35
16 38
17 2
17 13
17 18
17 22
17 24
17 26
17 29
17 39
18 7
18 16
18 20
19 0
19 4
19 9
19 26
20 16
20 18
21 7
21 15
21 19
21 39
22 4
22 8
22 27
22 34
23 3
23 11
23 15
23 17
23 28
24 7
24 14
24 26
24 33
25 1
25 3
25 27
25 34
25 36
26 7
26 12
26 15
26 23
26 29
26 31
26 38
27 3
27 6
27 18
27 26
27 39
28 4
28 19
28 29
28 38
29 3
29 10
29 35
29 37
30 0
30 2
30 4
30 9
30 27
30 30
31 3
31 15
31 17
31 28
32 0
32 27
33 8
33 14
33 33
34 0
34 30
34 32
35 5
35 24
35 26
35 35
35 37
35 39
36 12
36 23
36 28
36 38
37 1
37 7
37 24
37 32
37 35
37 37
38 5
38 12
38 15
38 18
38 26
38 30
39 1
39 9
39 16
39 19
39 24
39 27
39 29
39 35
0 6
0 10
0 16
0 19
0 24
0 30
0 38
1 5
1 11
1 18
2 12
2 17
2 29
2 32
2 37
3 24
3 28
3 36
4 1
4 31
4 39
5 0
5 9
5 33
5 35
6 5
6 8
6 10
6 36
6 39
7 9
7 11
7 20
7 33
7 37
8 3
8 32
9 27
10 2
10 25
11 5
11 36
12 4
12 6
12 19
12 26
12 32
13 5
13 16
14 2
14 19
15 31
16 12
16 32
17 14
17 33
17 36
18 8
18 25
18 29
18 34
19 30
20 2
20 8
20 26
20 31
20 35
21 1
21 17
22 0
22 10
22 37
23 5
23 8
23 19
23 32
23 34
23 38
24 0
24 11
24 17
24 20
24 39
25 21
26 24
26 32
27 8
27 15
28 5
28 7
28 9
28 34
29 8
29 13
30 6
30 14
30 38
31 7
31 18
31 39
33 17
34 8
34 15
34 18
34 34
35 10
35 16
35 19
35 29
35 33
36 6
36 13
36 17
36 20
36 25
36 30
37 14
37 21
38 6
38 22
38 31
38 34
39 5
39 11
39 13
39 37
0 39
1 15
1 23
2 0
2 4
3 12
3 26
4 4
5 12
7 5
7 39
8 11
8 28
8 30
10 11
10 37
10 39
11 1
11 17
12 11
12 33
13 30
14 11
14 16
14 26
15 1
15 37
15 39
16 3
16 5
16 26
17 15
17 17
17 19
17 21
17 23
18 36
19 3
20 6
20 36
21 26
21 31
21 34
23 6
23 26
24 3
25 11
25 14
25 22
25 28
25 33
25 37
25 39
26 3
26 25
26 27
27 11
27 17
27 35
28 39
29 18
29 29
31 29
32 7
32 14
33 29
35 11
35 27
36 33
37 4
37 17
37 25
39 14
39 17
39 22
39 25
0 0
0 2
0 4
0 7
0 9
0 12
0 14
0 17
0 20
0 22
0 25
0 27
0 29
0 31
0 33
0 35
0 37
1 1
1 3
1 6
1 8
1 10
1 13
1 16
1 19
1 21
1 24
1 26
1 28
1 32
1 34
1 36
1 39
2 2
2 5
2 7
2 9
2 11
2 14
2 18
2 20
2 22
2 25
2 27
2 30
2 35
2 38
3 0
3 3
3 6
3 8
3 10
3 13
3 15
3 17
3 19
3 21
3 23
3 29
3 32
3 34
3 37
3 39
4 2
4 5
4 7
4 9
4 11
4 14
4 16
4 18
4 20
4 22
4 24
4 26
4 28
4 30
4 33
4 36
4 38
5 1
5 3
5 6
5 10
5 13
5 15
5 17
5 21
5 23
5 25
5 27
5 29
5 31
5 34
5 37
6 0
6 2
6 4
6 7
6 11
6 14
6 16
6 18
6 20
6 22
6 24
6 26
6 30
6 32
6 35
6 38
7 1
7 3
7 6
7 8
7 13
7 15
7 17
7 23
7 25
7 27
7 29
7 31
7 34
7 36
8 2
8 7
8 9
8 12
8 14
8 16
8 18
8 20
8 22
8 24
8 26
8 33
8 35
8 37
8 39
9 1
9 4
9 6
9 8
9 10
9 13
9 15
9 17
9 19
9 21
9 23
9 25
9 28
9 30
9 32
9 34
9 36
9 38
10 0
10 3
10 5
10 7
10 9
10 12
10 14
10 16
10 18
10 20
10 22
10 24
10 27
10 29
10 31
10 33
10 35
11 2
11 6
11 8
11 10
11 13
11 15
11 19
11 21
11 23
11 26
11 28
11 30
11 32
11 34
11 37
11 39
12 0
12 3
12 7
12 9
12 12
12 14
12 17
12 20
12 22
12 24
12 27
12 29
12 36
12 38
13 1
13 4
13 8
13 10
13 13
13 15
13 18
13 21
13 23
13 25
13 28
13 31
13 33
13 35
13 37
13 39
14 0
14 3
14 5
14 7
14 9
14 12
14 14
14 17
14 20
14 22
14 24
14 27
14 29
14 32
14 34
14 36
14 38
15 2
15 4
15 6
15 8
15 10
15 13
15 19
15 21
15 23
15 25
15 28
15 30
15 33
15 35
16 0
16 7
16 9
16 11
16 14
16 16
16 18
16 20
16 22
16 24
16 27
16 29
16 31
16 34
16 37
16 39
17 1
17 3
17 5
17 8
17 10
17 12
17 25
17 30
17 32
17 35
17 38
18 0
18 2
18 4
18 6
18 9
18 11
18 13
18 15
18 17
18 19
18 21
18 23
18 26
18 28
18 31
18 33
18 37
18 39
19 1
19 5
19 7
19 10
19 12
19 14
19 16
19 18
19 20
19 22
19 24
19 27
19 29
19 32
19 34
19 38
20 0
20 3
20 9
20 11
20 13
20 15
20 17
20 19
20 21
20 23
20 25
20 28
20 30
20 33
20 37
20 39
21 2
21 4
21 6
21 8
21 10
21 12
21 14
21 20
21 22
21 24
21 27
21 29
21 32
21 35
21 38
22 1
22 3
22 5
22 7
22 11
22 13
22 15
22 17
22 19
22 21
22 23
22 25
22 28
22 30
22 33
22 36
22 39
23 0
23 2
23 9
23 12
23 14
23 16
23 20
23 22
23 24
23 27
23 29
23 31
23 35
23 37
24 1
24 4
24 6
24 8
24 10
24 13
24 18
24 21
24 23
24 25
24 30
24 32
24 34
24 36
24 38
25 2
25 5
25 7
25 9
25 12
25 15
25 17
25 19
25 24
25 26
25 29
25 31
25 35
26 1
26 4
26 6
26 8
26 10
26 13
26 16
26 18
26 20
26 22
26 30
26 33
26 37
26 39
27 0
27 2
27 5
27 9
27 12
27 14
27 19
27 21
27 23
27 25
27 27
27 29
27 32
27 36
27 38
28 1
28 3
28 6
28 10
28 13
28 15
28 17
28 20
28 22
28 24
28 26
28 28
28 31
28 33
28 37
29 0
29 2
29 4
29 7
29 11
29 14
29 16
29 19
29 21
29 23
29 25
29 27
29 30
29 32
29 34
29 36
29 39
30 1
30 5
30 8
30 10
30 12
30 15
30 17
30 20
30 22
30 24
30 26
30 28
30 31
30 33
30 35
30 37
31 0
31 2
31 4
31 6
31 9
31 11
31 13
31 16
31 19
31 21
31 23
31 25
31 30
31 32
31 34
31 36
31 38
32 1
32 3
32 5
32 8
32 10
32 12
32 15
32 18
32 20
32 22
32 24
32 26
32 28
32 31
32 33
32 35
32 37
32 39
33 0
33 2
33 4
33 6
33 9
33 11
33 13
33 16
33 19
33 21
33 23
33 25
33 27
33 30
33 32
33 34
33 36
33 38
34 1
34 3
34 5
34 7
34 10
34 12
34 14
34 17
34 20
34 22
34 24
34 26
34 28
34 31
34 35
34 37
34 39
35 0
35 2
35 4
35 6
35 8
35 13
35 15
35 18
35 21
35 23
35 25
35 30
35 32
35 36
35 38
36 1
36 3
36 7
36 9
36 11
36 14
36 16
36 19
36 22
36 27
36 29
36 35
36 39
37 2
37 5
37 8
37 10
37 12
37 15
37 18
37 20
37 23
37 26
37 28
37 31
37 33
37 36
37 38
38 1
38 3
38 7
38 9
38 11
38 13
38 16
38 19
38 21
38 24
38 27
38 29
38 32
38 35
38 37
38 39
39 0
39 2
39 4
39 6
39 8
39 10
39 15
39 18
39 20
39 23
39 26
39 28
39 30
39 34
39 36
