100
1.000000
1.000000
1.414213
1.5
1.7
1.732
1.000000
1.414213
1.5
1.7
1.732
1.000000
1.000000
1.414213
1.5
1.7
1.732
1.414213
1.5
1.7
1.732
1.000000
1.414213
1.5
1.7
1.732
1.000000
1.000000
1.414213
1.5
1.7
1.732
1.414213
1.5
1.7
1.732
1.414213
1.5
1.7
1.732
1.000000
1.000000
1.414213
1.5
1.7
1.732
1.414213
1.5
1.7
1.732
1.000000
1.414213
1.5
1.7
1.732
1.000000
1.414213
1.5
1.7
1.732
1.000000
1.414213
1.5
1.7
1.732
1.000000
1.414213
1.5
1.7
1.732
1.000000
1.414213
1.5
1.7
1.732
1.000000
1.414213
1.5
1.7
1.732
1.000000
1.414213
1.5
1.7
1.732
1.000000
1.414213
1.5
1.7
1.732
1.000000
1.414213
1.5
1.7
1.732
1.000000
1.414213
1.5
1.7
1.732
