334493649844
82765063856
86307408512
240778123194
35905725012
0
266278869406
58281104706
98842969145
0
227836779456
209362954932
62142793976
215483430008
72066626404
48423939545
86635148292
109521961056
98845760516
93930040958
72697476311
807693590148
50890836976
223168426560
2288281848
31277287276
46237206442
334493649844
132718366152
207678683538
102827909710
394478705264
120673085311
368111322315
185873347801
334493649844
266278869406
192322027664
842937788254
96837734218
158553486248
0
231110352858
6269366046
299837774047
85526228191
85526228191
125191777804
255333150293
0
96837734218
255333150293
135886689958
4653630534
86635148292
50890836976
38437086600
0
8557647894
38556629512
0
309902519550
0
35905725012
14115459245
62142793976
86635148292
7442724300
225151200344
225151200344
149331511450
72697476311
609864200
85526228191
186907069344
63543795203
266187365166
0
44725742837
68789270493
218144025300
200835529434
179453272176
147463870644
27463419775
31277287276
149331511450
59458619208
193335863580
273976676814
82765063856
286571100250
0
147463870644
255333150293
69172478835
44725742837
459374485944
282044384188
394478705264
