1000
2 1
3 1
4 3
5 2
6 5
7 1
8 6
9 2
10 4
11 10
12 1
13 12
14 11
15 8
16 9
17 15
18 16
19 11
20 8
21 5
22 3
23 11
24 11
25 20
26 16
27 22
28 14
29 27
30 9
31 27
32 22
33 3
34 9
35 10
36 29
37 10
38 5
39 22
40 23
41 12
42 10
43 5
44 32
45 27
46 35
47 39
48 3
49 27
50 2
51 10
52 19
53 50
54 50
55 30
56 21
57 35
58 28
59 32
60 26
61 5
62 55
63 9
64 31
65 12
66 29
67 50
68 8
69 1
70 39
71 48
72 51
73 10
74 8
75 23
76 13
77 51
78 12
79 75
80 43
81 14
82 9
83 7
84 49
85 75
86 51
87 1
88 71
89 83
90 37
91 34
92 78
93 2
94 10
95 88
96 75
97 84
98 1
99 69
100 91
101 6
102 90
103 27
104 37
105 90
106 91
107 97
108 97
109 68
110 23
111 26
112 1
113 83
114 71
115 14
116 61
117 88
118 113
119 32
120 36
121 89
122 3
123 46
124 61
125 120
126 18
127 19
128 75
129 121
130 114
131 63
132 20
133 105
134 53
135 69
136 78
137 78
138 62
139 114
140 118
141 56
142 118
143 38
144 39
145 51
146 51
147 102
148 105
149 44
150 46
151 140
152 46
153 59
154 23
155 66
156 19
157 141
158 96
159 94
160 128
161 74
162 22
163 22
164 152
165 57
166 70
167 138
168 101
169 31
170 10
171 2
172 82
173 147
174 65
175 43
176 19
177 155
178 131
179 96
180 78
181 106
182 23
183 79
184 123
185 161
186 27
187 20
188 93
189 95
190 127
191 124
192 150
193 72
194 172
195 60
196 91
197 124
198 123
199 152
200 167
201 35
202 196
203 105
204 61
205 193
206 198
207 39
208 176
209 6
210 200
211 153
212 155
213 16
214 109
215 141
216 94
217 111
218 72
219 84
220 162
221 65
222 151
223 22
224 78
225 191
226 85
227 160
228 94
229 126
230 71
231 13
232 107
233 202
234 96
235 48
236 122
237 201
238 51
239 4
240 67
241 47
242 232
243 98
244 42
245 36
246 124
247 172
248 135
249 97
250 235
251 200
252 174
253 143
254 202
255 16
256 14
257 225
258 139
259 62
260 135
261 213
262 1
263 93
264 59
265 120
266 228
267 216
268 83
269 12
270 253
271 172
272 236
273 192
274 49
275 234
276 8
277 268
278 6
279 255
280 113
281 72
282 58
283 227
284 243
285 98
286 46
287 28
288 256
289 61
290 46
291 76
292 106
293 102
294 158
295 166
296 72
297 67
298 279
299 216
300 72
301 18
302 60
303 258
304 116
305 150
306 133
307 59
308 50
309 104
310 299
311 39
312 211
313 294
314 6
315 248
316 23
317 115
318 171
319 172
320 131
321 298
322 260
323 35
324 166
325 39
326 177
327 8
328 4
329 154
330 131
331 290
332 255
333 28
334 133
335 131
336 173
337 183
338 2
339 55
340 183
341 221
342 10
343 73
344 300
345 331
346 131
347 292
348 57
349 42
350 241
351 231
352 144
353 69
354 351
355 281
356 211
357 43
358 100
359 269
360 252
361 292
362 36
363 157
364 286
365 146
366 36
367 236
368 113
369 32
370 288
371 305
372 361
373 226
374 107
375 233
376 216
377 287
378 181
379 110
380 322
381 293
382 133
383 363
384 117
385 309
386 246
387 232
388 320
389 48
390 135
391 261
392 103
393 252
394 369
395 341
396 286
397 255
398 98
399 241
400 209
401 292
402 34
403 232
404 197
405 247
406 113
407 330
408 365
409 224
410 133
411 351
412 41
413 108
414 411
415 317
416 296
417 406
418 213
419 122
420 259
421 126
422 347
423 239
424 351
425 84
426 418
427 254
428 43
429 66
430 350
431 83
432 266
433 420
434 428
435 318
436 331
437 233
438 258
439 297
440 99
441 201
442 321
443 167
444 100
445 10
446 231
447 325
448 389
449 52
450 314
451 321
452 230
453 54
454 95
455 191
456 63
457 379
458 297
459 264
460 99
461 23
462 216
463 125
464 12
465 339
466 200
467 288
468 82
469 448
470 409
471 371
472 187
473 113
474 388
475 367
476 188
477 378
478 302
479 414
480 437
481 63
482 345
483 101
484 84
485 203
486 312
487 360
488 431
489 351
490 375
491 120
492 234
493 80
494 270
495 250
496 184
497 164
498 490
499 250
500 361
501 122
502 343
503 196
504 478
505 344
506 383
507 182
508 10
509 335
510 407
511 274
512 269
513 114
514 361
515 328
516 304
517 281
518 29
519 32
520 165
521 463
522 336
523 349
524 137
525 436
526 144
527 378
528 30
529 20
530 239
531 19
532 216
533 501
534 225
535 97
536 236
537 33
538 503
539 427
540 496
541 96
542 133
543 380
544 524
545 132
546 273
547 393
548 147
549 300
550 341
551 402
552 536
553 421
554 292
555 147
556 394
557 441
558 254
559 421
560 492
561 321
562 49
563 320
564 528
565 332
566 212
567 566
568 266
569 89
570 186
571 110
572 444
573 451
574 216
575 9
576 552
577 451
578 88
579 20
580 139
581 290
582 403
583 547
584 219
585 224
586 206
587 535
588 270
589 60
590 432
591 144
592 368
593 502
594 551
595 147
596 148
597 97
598 374
599 382
600 122
601 279
602 433
603 215
604 289
605 442
606 394
607 366
608 86
609 108
610 139
611 362
612 216
613 381
614 381
615 35
616 127
617 35
618 124
619 102
620 84
621 538
622 12
623 282
624 378
625 196
626 368
627 269
628 393
629 378
630 400
631 197
632 472
633 499
634 547
635 412
636 540
637 399
638 216
639 130
640 140
641 456
642 526
643 608
644 590
645 335
646 18
647 47
648 93
649 396
650 18
651 96
652 506
653 572
654 95
655 129
656 459
657 276
658 53
659 534
660 591
661 166
662 34
663 276
664 114
665 344
666 100
667 335
668 264
669 235
670 135
671 315
672 440
673 568
674 371
675 277
676 272
677 309
678 448
679 377
680 442
681 552
682 446
683 69
684 501
685 265
686 316
687 651
688 14
689 507
690 526
691 145
692 391
693 104
694 161
695 173
696 38
697 35
698 569
699 139
700 104
701 383
702 245
703 612
704 310
705 278
706 679
707 60
708 75
709 241
710 373
711 153
712 446
713 504
714 590
715 524
716 153
717 381
718 79
719 346
720 534
721 34
722 125
723 392
724 47
725 28
726 343
727 721
728 429
729 258
730 22
731 395
732 164
733 220
734 661
735 389
736 153
737 165
738 55
739 218
740 581
741 192
742 309
743 690
744 584
745 669
746 117
747 344
748 73
749 514
750 276
751 366
752 410
753 312
754 295
755 503
756 541
757 217
758 468
759 210
760 390
761 480
762 629
763 291
764 91
765 101
766 483
767 134
768 741
769 628
770 282
771 2
772 319
773 453
774 371
775 402
776 331
777 568
778 374
779 503
780 90
781 532
782 395
783 150
784 556
785 206
786 730
787 227
788 123
789 146
790 131
791 230
792 749
793 239
794 671
795 787
796 327
797 448
798 92
799 740
800 376
801 414
802 525
803 416
804 275
805 147
806 185
807 277
808 634
809 781
810 435
811 343
812 311
813 44
814 368
815 730
816 511
817 796
818 577
819 129
820 583
821 482
822 304
823 304
824 799
825 50
826 419
827 648
828 28
829 511
830 348
831 2
832 619
833 669
834 824
835 365
836 41
837 398
838 568
839 211
840 427
841 42
842 428
843 87
844 744
845 271
846 836
847 190
848 125
849 238
850 219
851 803
852 458
853 816
854 816
855 81
856 449
857 783
858 216
859 167
860 686
861 407
862 781
863 161
864 767
865 411
866 66
867 166
868 787
869 388
870 90
871 161
872 408
873 555
874 197
875 339
876 664
877 189
878 583
879 106
880 49
881 449
882 688
883 583
884 735
885 59
886 693
887 24
888 604
889 288
890 832
891 399
892 338
893 449
894 428
895 326
896 766
897 600
898 764
899 420
900 816
901 65
902 636
903 627
904 898
905 665
906 640
907 93
908 55
909 560
910 892
911 486
912 529
913 143
914 540
915 481
916 38
917 484
918 790
919 109
920 701
921 574
922 317
923 781
924 127
925 186
926 300
927 603
928 832
929 23
930 708
931 167
932 661
933 58
934 454
935 436
936 913
937 241
938 287
939 677
940 13
941 757
942 505
943 430
944 609
945 700
946 869
947 125
948 573
949 664
950 6
951 188
952 435
953 207
954 530
955 202
956 561
957 705
958 812
959 236
960 498
961 396
962 625
963 38
964 833
965 774
966 521
967 930
968 789
969 553
970 14
971 442
972 820
973 243
974 773
975 174
976 910
977 908
978 834
979 341
980 371
981 898
982 170
983 754
984 978
985 548
986 26
987 867
988 726
989 93
990 315
991 750
992 650
993 235
994 748
995 963
996 562
997 802
998 558
999 493
1000 467
273 302
611 930
606 396
212 510
866 439
504 133
757 855
973 102
444 5
996 632
591 489
862 595
699 637
662 897
83 513
668 873
774 992
857 604
481 222
271 989
597 193
757 439
864 119
845 949
75 27
793 513
129 997
183 841
164 271
331 774
434 4
487 493
960 584
804 73
731 947
319 277
157 880
697 811
148 292
204 114
903 787
588 887
75 792
750 951
516 159
51 883
842 661
208 128
990 195
281 328
395 896
853 835
650 17
717 57
244 130
827 123
46 87
249 287
430 581
489 924
34 684
170 814
529 442
756 913
776 491
670 484
483 225
53 36
863 315
282 72
187 997
708 339
281 282
142 743
717 512
58 314
639 320
282 13
521 165
636 332
606 953
419 242
383 505
929 87
298 415
844 199
436 100
830 8
163 325
294 299
630 967
377 577
410 796
577 627
89 671
137 994
410 324
729 434
727 717
184 241
924 660
454 559
228 366
929 989
131 154
250 31
502 572
619 844
168 161
99 621
994 426
201 324
855 906
209 412
966 5
801 996
869 687
591 19
697 11
978 571
820 514
991 275
324 362
126 127
558 438
505 982
817 194
648 92
572 466
682 646
556 996
658 966
299 557
587 239
505 557
989 643
390 203
991 747
86 747
856 708
393 200
223 350
288 884
463 233
704 249
241 449
998 568
460 320
50 751
568 624
725 828
136 46
735 656
567 289
931 80
913 393
42 43
386 674
31 503
180 976
331 917
134 701
258 352
295 764
955 950
377 227
231 256
514 224
169 331
215 676
741 333
100 141
607 507
412 271
782 255
102 427
169 871
307 137
631 201
852 277
609 361
219 828
764 727
880 65
864 647
631 530
208 698
579 243
145 389
380 213
854 969
37 74
231 691
219 353
824 420
715 429
397 99
653 924
202 629
783 435
452 741
766 34
346 961
604 97
925 351
194 394
442 620
795 193
400 707
58 702
825 42
868 299
999 635
599 581
214 83
383 234
342 186
871 806
195 460
239 389
832 448
170 656
52 990
96 956
228 897
815 99
803 33
40 738
259 251
247 569
970 906
664 935
447 317
202 67
767 994
216 993
534 182
468 67
429 47
440 486
417 457
737 577
755 838
252 769
790 531
470 257
488 739
736 707
308 506
950 565
490 988
978 221
261 883
33 733
85 105
460 484
898 975
286 4
869 19
134 94
166 708
653 646
887 161
400 218
872 542
902 700
894 854
290 651
690 257
927 36
957 373
448 817
234 951
538 137
687 374
222 856
977 29
128 462
973 237
732 754
937 297
315 254
85 504
364 527
93 944
431 616
139 813
567 59
852 836
743 401
811 280
486 227
911 962
933 630
2 169
288 373
962 568
454 458
18 336
375 241
595 99
410 774
645 465
887 963
103 992
354 654
501 660
566 276
985 801
779 673
360 921
454 51
685 908
955 517
843 118
204 893
237 105
219 742
569 362
314 445
344 262
896 479
631 123
586 983
27 513
347 700
964 11
489 273
26 608
51 690
944 724
402 565
365 581
388 999
448 740
726 809
258 696
949 490
57 647
173 529
492 928
405 702
554 383
117 624
834 661
283 319
280 452
330 31
607 711
713 716
251 387
163 965
864 461
889 911
785 813
906 255
209 502
545 325
865 969
508 953
569 141
438 905
215 821
467 1
1000 572
329 270
127 684
687 498
643 200
532 953
953 58
319 484
712 751
403 803
74 300
665 196
240 681
851 177
220 333
527 67
737 648
833 16
401 706
570 328
620 809
501 799
980 82
858 584
854 455
840 218
0 72
961 715
773 325
618 428
328 146
734 558
306 718
817 80
797 254
38 57
409 822
762 302
737 368
679 64
889 377
688 106
785 791
39 34
425 857
613 835
577 384
554 246
873 974
166 239
160 974
550 534
329 872
772 712
211 826
824 627
873 527
516 912
183 427
506 929
898 836
69 424
502 833
201 99
771 383
169 697
763 998
221 205
696 182
246 783
606 498
313 156
373 199
556 455
886 707
808 211
909 774
502 42
916 45
356 817
522 276
482 715
766 177
788 7
600 947
23 452
173 217
327 469
217 646
65 60
498 739
586 578
15 71
354 901
706 828
252 707
375 373
988 774
230 784
632 446
301 544
234 399
789 883
561 299
337 100
414 595
415 286
630 392
938 223
187 655
809 724
865 671
148 164
150 330
911 611
293 363
48 931
623 383
703 922
560 961
468 554
591 738
589 322
153 122
446 920
717 478
627 325
26 17
184 150
779 726
147 96
677 60
340 718
698 292
311 54
811 983
182 916
751 211
599 74
802 144
399 99
741 391
454 990
722 602
983 630
966 211
343 341
283 502
837 778
783 597
106 453
494 754
425 115
420 743
401 20
356 885
946 329
665 831
957 817
899 132
472 108
252 695
138 536
554 338
214 392
312 488
335 468
779 449
408 91
612 866
372 62
465 123
852 622
755 407
921 615
648 832
749 989
283 229
913 103
529 16
666 965
658 808
976 450
637 885
709 905
873 536
741 408
954 284
70 466
876 728
68 415
971 871
760 335
24 245
150 212
915 702
189 621
952 213
871 49
443 816
55 253
587 299
255 988
300 762
484 716
411 446
885 126
413 508
117 504
177 181
186 396
104 819
955 728
131 384
505 866
268 173
752 944
772 650
357 685
446 478
67 953
916 681
635 352
567 796
919 394
147 193
320 349
21 287
908 502
848 367
430 457
465 531
928 577
477 326
528 918
894 770
245 701
521 665
676 47
252 765
763 304
95 680
683 35
597 337
308 999
592 309
885 304
63 32
924 947
107 409
461 324
580 501
313 352
499 155
479 866
141 318
729 412
983 103
246 613
659 312
281 426
338 128
181 567
580 849
21 150
109 882
662 209
598 543
820 150
54 720
224 491
424 482
302 182
802 258
259 914
728 306
507 192
624 734
838 641
783 930
736 288
758 477
441 991
990 61
32 895
339 407
931 706
603 662
20 475
686 199
580 41
47 873
986 617
546 738
67 397
366 599
578 233
992 255
151 258
336 368
266 480
387 354
970 939
325 691
821 220
911 379
279 823
640 992
721 399
484 678
53 389
565 857
856 752
417 584
353 396
219 754
853 807
647 477
958 96
868 390
950 211
14 167
388 723
726 99
822 766
228 365
50 192
469 15
416 75
70 108
10 118
189 438
95 953
957 620
67 65
793 345
907 495
917 202
199 626
637 347
672 830
420 726
344 285
126 673
336 243
889 354
558 128
417 113
315 404
681 402
380 13
866 115
821 624
699 59
410 568
193 114
671 334
588 45
281 528
422 876
477 402
379 512
282 434
651 78
724 245
652 548
317 35
980 783
968 487
336 91
974 427
647 40
320 575
111 464
576 402
498 595
205 160
817 361
117 45
176 816
852 34
869 383
603 801
943 192
530 986
750 386
310 186
562 612
485 6
555 721
536 619
150 229
883 627
87 679
832 645
703 307
593 651
244 458
543 8
609 610
612 981
709 614
252 254
635 556
925 335
425 513
907 267
483 282
204 593
549 116
28 352
863 23
146 87
686 645
479 138
829 150
113 53
308 315
103 70
151 396
51 543
618 657
741 527
365 880
846 765
560 634
65 78
46 814
356 786
520 554
798 214
359 373
367 704
177 853
722 641
419 813
201 558
630 26
734 576
295 481
316 774
814 535
748 463
953 844
186 766
206 247
679 28
978 195
810 471
57 232
71 80
228 704
169 362
146 221
846 772
27 241
841 611
366 897
846 443
77 480
775 540
899 924
30 351
222 261
412 332
51 999
281 190
642 469
126 592
544 572
416 917
244 399
214 938
504 354
453 786
261 983
97 487
782 639
832 387
199 786
326 29
519 333
20 469
55 590
973 812
305 444
455 220
776 60
263 783
594 120
689 565
411 53
431 479
834 11
671 612
263 646
273 277
997 448
450 14
47 595
926 801
617 189
544 775
477 310
148 530
904 192
257 660
985 897
124 68
693 482
261 731
217 691
475 115
810 248
150 102
118 798
363 29
331 70
624 995
946 327
906 236
612 724
858 406
142 88
415 824
632 611
779 394
225 37
631 785
638 909
860 285
43 525
562 427
804 394
235 68
549 449
945 763
125 506
128 893
973 354
853 718
240 538
845 828
16 819
933 811
540 798
516 597
595 913
709 992
565 563
472 652
672 633
383 539
927 533
774 438
675 443
548 406
371 667
720 768
730 686
135 84
713 326
144 885
526 414
869 95
639 537
791 279
344 395
815 905
942 891
92 735
15 971
641 719
515 657
835 802
19 621
844 543
99 194
789 768
690 795
152 227
191 940
241 78
797 463
501 666
273 151
568 849
76 412
718 606
852 700
435 248
976 302
223 32
922 444
97 407
102 426
176 419
376 604
997 476
169 17
171 945
568 522
262 809
805 651
819 965
366 684
369 312
519 795
7 261
584 88
463 930
52 894
976 775
306 409
485 735
544 987
694 733
690 680
737 123
827 712
790 606
748 578
405 731
371 112
210 281
40 332
853 64
863 236
564 770
143 852
688 503
556 717
822 1000
373 231
78 420
492 706
